1 40 0 3 0 1-3-0-cab660152d831dd7 ""
1 40 0 3 1 1-3-1-7cb5065bbde66c35 "0000000A0"
1 40 0 3 2 1-2-2-70853ae3ba68a03b "A0000000a"
1 40 0 3 3 1-3-3-8121d6b2aff42431 "ABC123DEF"
1 40 0 3 4 1-2-4-8977b65614ebf3b1 "ABC123456DEF"
1 40 0 3 5 2-2-5-971492194fa63d9c "ABCDEFGH1234567890IJKLMNOP"
1 40 0 3 6 1-2-6-239f9a191f8a203d "abc123def"
1 40 0 3 7 1-1-7-587f279d08438397 "abc12345678def"
1 40 0 3 0 1-2-0-8f4e6f9b26f0cdc9 "abcHELLOdef"
1 40 0 3 1 2-2-1-aa367fd96d406ce7 "abcHELLOWORLD1234def"
1 40 0 3 2 3-1-2-163ba4e3256dcf44 "https://example.com/products/12345678"
1 40 0 3 3 3-0-3-84f3db1a36ed27bd "https://example.com/2470295/manuals/525322511#step-3"
1 40 0 3 4 3-1-4-314673873dcb034a "https://example.com/t/0123456789012345678901234567890123456789"
1 1 0 3 1 1-0-1-b735f032cf765e61 "aABCDEFGHIJKL012345a"
1 1 0 3 1 TEXT_TOO_LONG "aABCDEFGHIJKL012345678901"
1 1 0 3 1 1-0-1-8ca89562a592b843 "aABCDEFGHIJKL01234567890"
1 1 1 3 2 1-1-2-4551340644faf42b "aA0123456aA012345"
1 1 1 3 2 TEXT_TOO_LONG "aA01234567890123456789a"
1 1 1 3 2 1-1-2-b6351e28e0270859 "aA0123456aA01234"
1 1 2 3 3 1-2-3-82ee94afce6ed139 "aA0123aA0123"
1 1 2 3 3 TEXT_TOO_LONG "aABCDEFGHIJKL0"
1 1 2 3 3 1-2-3-d15a981e8f351667 "aABCD01234567890"
1 1 3 3 4 1-3-4-a4878a6169062e69 "aABCDEFG"
1 1 3 3 4 TEXT_TOO_LONG "A012345678901"
1 1 3 3 4 1-3-4-8f9615bf7ed2f3a5 "aAB012345"
2 2 0 3 2 2-0-2-eac52f068fdfd8d9 "aABCDEFGHIJKL01234567aABCDEFGHIJKL012345"
2 2 0 3 2 TEXT_TOO_LONG "aABCDEFGHIJKL0123456789012aABCDEFGHIJKL012"
2 2 0 3 2 2-0-2-abb4374710f86227 "aABCDEFGHIJKL0123456aABCDEFGHIJKL012345"
2 2 1 3 3 2-1-3-de5bbc1691cd688d "aABCDEFGHIJKL0123456789aABCDEFGH"
2 2 1 3 3 TEXT_TOO_LONG "aABCDEFGHIJKL0123456aABCDEFGHIJ"
2 2 1 3 3 2-1-3-c77273863cb5b145 "aABCDEFGHIJKL01234567aABCDEFGHI"
2 2 2 3 4 2-2-4-7d659a74ec7792bf "aABCDEFGHIJKL012345aABC"
2 2 2 3 4 TEXT_TOO_LONG "aABCDEFGHIJKL0123456789012a"
2 2 2 3 4 2-2-4-16224611e9b07dc3 "aABCDEFGHIJKLM012345aAB"
2 2 3 3 5 2-3-5-69b5b3a1f981cb1a "aA0123456aA012345"
2 2 3 3 5 2-3-5-60c41d37a1ab3f98 "aA0123456aA01234"
3 3 0 3 3 3-0-3-d31749671ff6d3d7 "aABCDEFGHIJKL0123"*60
3 3 0 3 3 TEXT_TOO_LONG "aABCDEFGHIJKL01234"*60
3 3 0 3 3 3-0-3-f84059b58ccde2a3 "aABCDEFGHIJKL0123456"*62
3 3 1 3 4 3-1-4-16f637d5527eea1c "aABCDEFGHIJKL0123"*49
3 3 1 3 4 TEXT_TOO_LONG "aABCDEFGHIJKL01234"*49
3 3 1 3 4 3-1-4-6a9d3521432f4004 "aABCDEFGHIJKL012345678901"*54
3 3 2 3 5 3-2-5-7ae76cd0cdb13d62 "aABCDEFGHIJKL01234567aABCDEFGHIJKL012345"
3 3 2 3 5 3-2-5-53cc550433cd7972 "aABCDEFGHIJKL0123456aABCDEFGHIJKL012345"
3 3 3 3 6 3-3-6-78c0d766df63855b "aABCDEFGHIJKL01234567890123456789aA"
3 3 3 3 6 TEXT_TOO_LONG "aABCDEFGHIJKL0123aABCDEFGHIJ"
3 3 3 3 6 3-3-6-457b68fc2653c62b "aABCDEFGHIJKL0123456789aABCDE"
4 4 0 3 4 4-0-4-ff2743e33b8835ed "aABCDEFGHIJKL0123456789"*97
4 4 0 3 4 TEXT_TOO_LONG "aABCDEFGHIJKL0123"*88
4 4 0 3 4 4-0-4-44fec1ba551a7a99 "aABCDEFGHIJKL012345"*91
4 4 1 3 5 4-1-5-2f66dd4c8c03ef6b "aABCDEFGHIJKL0123"*70
4 4 1 3 5 TEXT_TOO_LONG "aABCDEFGHIJKL0123456789"*77
4 4 1 3 5 4-1-5-d6cf55dc740a53a5 "aABCDEFGHIJKL012345678901234"*85
4 4 2 3 6 4-2-6-d49910394b53abce "aABCDEFGHIJKL0123456"*55
4 4 2 3 6 TEXT_TOO_LONG "aABCDEFGHIJKL012345"*55
4 4 2 3 6 4-2-6-e2ec9e711af9cdae "aABCDEFGHIJKL0123"*52
4 4 3 3 7 4-3-7-7049f19e2d09d540 "aABCDEFGHIJKL0123456789012345aABCDEFGHIJKL0123"
4 4 3 3 7 TEXT_TOO_LONG "aABCDEFGHIJKL0123456789012aABCDEFGHIJKL012345"
4 4 3 3 7 4-3-7-e62c05dfcf793f1a "aABCDEFGHIJKL0123"*38
5 5 0 3 5 5-0-5-b563b496f2c6e152 "aABCDEFGHIJKL012345"*122
5 5 0 3 5 TEXT_TOO_LONG "aABCDEFGHIJKL012345678901234567"*155
5 5 0 3 5 5-0-5-49a1dc34a88f199c "aABCDEFGHIJKL01234"*121
5 5 1 3 6 5-1-6-20f642e0768e35e1 "aABCDEFGHIJKL0123"*95
5 5 1 3 6 TEXT_TOO_LONG "aABCDEFGHIJKL012345678901"*109
5 5 1 3 6 5-1-6-7544e93298e2eb33 "aABCDEFGHIJKL01234"*95
5 5 2 3 7 5-2-7-8150068e73560413 "aABCDEFGHIJKL012345678901234567"*86
5 5 2 3 7 TEXT_TOO_LONG "aABCDEFGHIJKL01234"*70
5 5 2 3 7 5-2-7-d3a8cec5dc168c4f "aABCDEFGHIJKL0123456"*70
5 5 3 3 0 5-3-0-ad5e865d754bf493 "aABCDEFGHIJKL0123456"*52
5 5 3 3 0 TEXT_TOO_LONG "aABCDEFGHIJKL012345"*52
5 5 3 3 0 5-3-0-52c93738976a3afd "aABCDEFGHIJKLM01234567890123456789aABCDEFGHIJKLM012345678901234567"
6 6 0 3 6 6-0-6-8311cf405c4394bb "aABCDEFGHIJKL01234"*152
6 6 0 3 6 TEXT_TOO_LONG "aABCDEFGHIJKL0123"*153
6 6 0 3 6 6-0-6-13ab0a62e73ee219 "aABCDEFGHIJKL01234567890123"*180
6 6 1 3 7 6-1-7-0d94c70ca0869b33 "aABCDEFGHIJKL012345"*122
6 6 1 3 7 6-1-7-68ca424af1f2bb0d "aABCDEFGHIJKL0123456789"*133
6 6 2 3 0 6-2-0-e0840caa2b503c29 "aABCDEFGHIJKL0123456"*86
6 6 2 3 0 TEXT_TOO_LONG "aABCDEFGHIJKL012345678901"*99
6 6 2 3 0 6-2-0-78b006a8e84a0c81 "aABCDEFGHIJKL0123"*85
6 6 3 3 1 6-3-1-385136c5b420aecf "aABCDEFGHIJKL01234"*67
6 6 3 3 1 TEXT_TOO_LONG "aABCDEFGHIJKL012345678"*71
6 6 3 3 1 6-3-1-423f492d6c01d891 "aABCDEFGHIJKL0123"*67
7 7 0 3 7 7-0-7-9ff3ab83bc0cc65b "aABCDEFGHIJKL01234"*176
7 7 0 3 7 TEXT_TOO_LONG "aABCDEFGHIJKL012345678"*190
7 7 0 3 7 7-0-7-d37b81a5529e7c73 "aABCDEFGHIJKL0123"*173
7 7 1 3 0 7-1-0-7c364e44f91deddb "aABCDEFGHIJKL0123456789"*153
7 7 1 3 0 TEXT_TOO_LONG "aABCDEFGHIJKL01234567890123456"*172
7 7 1 3 0 7-1-0-6ad369ca855e8411 "aABCDEFGHIJKLM01234567890123"*166
7 7 2 3 1 7-2-1-fdad4693fabdafda "aABCDEFGHIJKL0123"*98
7 7 2 3 1 TEXT_TOO_LONG "aABCDEFGHIJKL0123456"*101
7 7 2 3 1 7-2-1-5ec4ec3d98d38c42 "aABCDEFGHIJKL01234567890123456789"*127
7 7 3 3 2 7-3-2-548163a9be3c286b "aABCDEFGHIJKL0123"*72
7 7 3 3 2 TEXT_TOO_LONG "aABCDEFGHIJKL0123456789"*80
7 7 3 3 2 7-3-2-9b2a0eee29ae9fe1 "aABCDEFGHIJKLM01234567"*77
8 8 0 3 0 8-0-0-449686a406975467 "aABCDEFGHIJKL01234"*218
8 8 0 3 0 TEXT_TOO_LONG "aABCDEFGHIJKL0123456789"*240
8 8 0 3 0 8-0-0-4c59c399e282acad "aABCDEFGHIJKLM012345678901234"*263
8 8 1 3 1 8-1-1-8286b830df8a4a6a "aABCDEFGHIJKL012345"*175
8 8 1 3 1 TEXT_TOO_LONG "aABCDEFGHIJKL0123456"*180
8 8 1 3 1 8-1-1-320ac90233a8837a "aABCDEFGHIJKL01234"*173
8 8 2 3 2 8-2-2-7e2aa5fc264927b9 "aABCDEFGHIJKL012345"*125
8 8 2 3 2 TEXT_TOO_LONG "aABCDEFGHIJKL012345678901"*141
8 8 2 3 2 8-2-2-004cc9b501b881ff "aABCDEFGHIJKL01234"*124
8 8 3 3 3 8-3-3-a0b2023a40690db9 "aABCDEFGHIJKL0123"*95
8 8 3 3 3 8-3-3-796193b3c16921f9 "aABCDEFGHIJKL0123456"*100
9 9 0 3 1 9-0-1-c3952a91e422a79e "aABCDEFGHIJKL01234567"*276
9 9 0 3 1 TEXT_TOO_LONG "aABCDEFGHIJKL0123456789012345"*320
9 9 0 3 1 9-0-1-4be809aeebfc3fd0 "aABCDEFGHIJKL01234"*261
9 9 1 3 2 9-1-2-629ab9086571491b "aABCDEFGHIJKL012345678901234567"*256
9 9 1 3 2 TEXT_TOO_LONG "aABCDEFGHIJKL01234"*204
9 9 1 3 2 9-1-2-6c9b4d0f8fb11d53 "aABCDEFGHIJKL012345678901"*234
9 9 2 3 3 9-2-3-0811ccdc7068bf88 "aABCDEFGHIJKL0123"*147
9 9 2 3 3 TEXT_TOO_LONG "aABCDEFGHIJKL01234567"*156
9 9 2 3 3 9-2-3-e9deab3a5973d186 "aABCDEFGHIJKL0123456"*152
9 9 3 3 4 9-3-4-6128e868f4385705 "aABCDEFGHIJKL01234567890123"*135
9 9 3 3 4 TEXT_TOO_LONG "aABCDEFGHIJKL0123456"*116
9 9 3 3 4 9-3-4-66aa1d95bc243421 "aABCDEFGHIJKL01234567"*118
10 10 0 3 2 10-0-2-23145749a3dcbdf3 "aABCDEFGHIJKL01234"*288
10 10 0 3 2 TEXT_TOO_LONG "aABCDEFGHIJKL0123456789"*315
10 10 0 3 2 10-0-2-708b4207d336e04b "aABCDEFGHIJKL012345"*290
10 10 1 3 3 10-1-3-4db53e425fa8ad6f "aABCDEFGHIJKL01234567890123456789"*297
10 10 1 3 3 TEXT_TOO_LONG "aABCDEFGHIJKL01234567890"*253
10 10 1 3 3 10-1-3-43901ed2a189cf1f "aABCDEFGHIJKL01234567890123456"*279
10 10 2 3 4 10-2-4-684621d155d99d85 "aABCDEFGHIJKL01234567890"*179
10 10 2 3 4 TEXT_TOO_LONG "aABCDEFGHIJKL01234"*162
10 10 2 3 4 10-2-4-607457a14ceb88e5 "aABCDEFGHIJKL0123"*157
10 10 3 3 5 10-3-5-2975d0e1b997dbcd "aABCDEFGHIJKL0123456789012"*147
10 10 3 3 5 TEXT_TOO_LONG "aABCDEFGHIJKL0123"*124
10 10 3 3 5 10-3-5-f62fda201ebca501 "aABCDEFGHIJKL012345678"*135
11 11 0 3 3 11-0-3-c82edce7f102833f "aABCDEFGHIJKL01234"*340
11 11 0 3 3 TEXT_TOO_LONG "aABCDEFGHIJKL0123"*335
11 11 0 3 3 11-0-3-36a8cf301aeba585 "aABCDEFGHIJKL012345678"*365
11 11 1 3 4 11-1-4-1c9afc3b7021cfc5 "aABCDEFGHIJKL012345"*269
11 11 1 3 4 TEXT_TOO_LONG "aABCDEFGHIJKL0123"*261
11 11 1 3 4 11-1-4-4c644ea02a27beb1 "aABCDEFGHIJKL01234567890"*297
11 11 2 3 5 11-2-5-caec11c1d62c43aa "aABCDEFGHIJKL012345678901"*215
11 11 2 3 5 TEXT_TOO_LONG "aABCDEFGHIJKL0123"*187
11 11 2 3 5 11-2-5-90f8b6210134c6d0 "aABCDEFGHIJKL01234"*186
11 11 3 3 6 11-3-6-20b21ad19ceba0d1 "aABCDEFGHIJKL012345"*149
11 11 3 3 6 TEXT_TOO_LONG "aABCDEFGHIJKL012345678"*156
11 11 3 3 6 11-3-6-67ece1adf136f379 "aABCDEFGHIJKL0123456789012345678"*187
12 12 0 3 4 12-0-4-55ad791e501dae9d "aABCDEFGHIJKL012345"*395
12 12 0 3 4 TEXT_TOO_LONG "aABCDEFGHIJKL0123456789012345678"*496
12 12 0 3 4 12-0-4-0bf34d69f17c68f1 "aABCDEFGHIJKL01234"*386
12 12 1 3 5 12-1-5-4ed6046494dd21fc "aABCDEFGHIJKL0123"*299
12 12 1 3 5 TEXT_TOO_LONG "aABCDEFGHIJKL01234567890123456"*378
12 12 1 3 5 12-1-5-b6ad7347bd6d1c92 "aABCDEFGHIJKL01234"*304
12 12 2 3 6 12-2-6-aa3be95d9069c2ea "aABCDEFGHIJKL0123"*211
12 12 2 3 6 TEXT_TOO_LONG "aABCDEFGHIJKL012345"*218
12 12 2 3 6 12-2-6-52a596e3fa3b1c96 "aABCDEFGHIJKL012345678901234567"*273
12 12 3 3 7 12-3-7-5708015dd9d93186 "aABCDEFGHIJKL012345678901"*188
12 12 3 3 7 TEXT_TOO_LONG "aABCDEFGHIJKL0123456789"*182
12 12 3 3 7 12-3-7-f8046d6a4df4a682 "aABCDEFGHIJKLM01234567890"*184
13 13 0 3 5 13-0-5-260bad128146ad4d "aABCDEFGHIJKL0123456789012"*523
13 13 0 3 5 TEXT_TOO_LONG "aABCDEFGHIJKL01234"*450
13 13 0 3 5 13-0-5-27cea98e4977340d "aABCDEFGHIJKLM01234567"*474
13 13 1 3 6 13-1-6-2e72b1ddd5d0030b "aABCDEFGHIJKL0123"*344
13 13 1 3 6 TEXT_TOO_LONG "aABCDEFGHIJKL01234567890123"*415
13 13 1 3 6 13-1-6-bc30b1c2b99a3d39 "aABCDEFGHIJKL012345678901234"*423
13 13 2 3 7 13-2-7-60dfbdb37e06a46b "aABCDEFGHIJKL0123456"*261
13 13 2 3 7 TEXT_TOO_LONG "aABCDEFGHIJKL012345678"*274
13 13 2 3 7 13-2-7-4faf978cc446dfc9 "aABCDEFGHIJKL01234567890123456"*317
13 13 3 3 0 13-3-0-b47cea598197fa6d "aABCDEFGHIJKL012345678901"*215
13 13 3 3 0 13-3-0-efcc0719bfbd7af9 "aABCDEFGHIJKL01234"*186
14 14 0 3 6 14-0-6-03810f59a7fed631 "aABCDEFGHIJKL01234"*484
14 14 0 3 6 TEXT_TOO_LONG "aABCDEFGHIJKL0123456"*498
14 14 0 3 6 14-0-6-b18b76a92f503b59 "aABCDEFGHIJKL012345678"*521
14 14 1 3 7 14-1-7-945cb211f2163dff "aABCDEFGHIJKL012345678901"*439
14 14 1 3 7 TEXT_TOO_LONG "aABCDEFGHIJKL01234"*381
14 14 1 3 7 14-1-7-74d93b3c431cfc33 "aABCDEFGHIJKLMN01234567"*411
14 14 2 3 0 14-2-0-241081be8a6c44a9 "aABCDEFGHIJKL0123456789012"*317
14 14 2 3 0 TEXT_TOO_LONG "aABCDEFGHIJKL012345678901"*313
14 14 2 3 0 14-2-0-d9a10c8dd06bbacd "aABCDEFGHIJKL012345"*277
14 14 3 3 1 14-3-1-7ddb3a2580a58b62 "aABCDEFGHIJKL01234567890123"*244
14 14 3 3 1 TEXT_TOO_LONG "aABCDEFGHIJKLM01234567890123"*245
14 14 3 3 1 14-3-1-61947ce67fbe98fc "aABCDEFGHIJKL0123456"*210
15 15 0 3 7 15-0-7-bd1fe075edf2826e "aABCDEFGHIJKL012345678901234"*667
15 15 0 3 7 TEXT_TOO_LONG "aABCDEFGHIJKL012345678"*594
15 15 0 3 7 15-0-7-3d4cccf04fa373e4 "aABCDEFGHIJKL01234567890123456"*689
15 15 1 3 0 15-1-0-b9ecdcf8fa8cc093 "aABCDEFGHIJKL0123456789012"*507
15 15 1 3 0 TEXT_TOO_LONG "aABCDEFGHIJKLM0123456789012"*512
15 15 1 3 0 15-1-0-bdb0bfaf8dee0f6d "aABCDEFGHIJKL012345"*441
15 15 2 3 1 15-2-1-a3abf23811a31660 "aABCDEFGHIJKLM01234567"*328
15 15 2 3 1 TEXT_TOO_LONG "aABCDEFGHIJKL012345678"*332
15 15 2 3 1 15-2-1-0d0c1c44a8ea7ffa "aABCDEFGHIJKL01234"*307
15 15 3 3 2 15-3-2-170fe7846dd4fc67 "aABCDEFGHIJKLM01234567890"*262
15 15 3 3 2 TEXT_TOO_LONG "aABCDEFGHIJKL0123"*229
15 15 3 3 2 15-3-2-b0ba3b96e46ab9c9 "aABCDEFGHIJKL0123456789012"*270
16 16 0 3 0 16-0-0-276426343a2e3037 "aABCDEFGHIJKL01234567"*651
16 16 0 3 0 TEXT_TOO_LONG "aABCDEFGHIJKL012345678901"*710
16 16 0 3 0 16-0-0-eb0ad2a9b3fd86d9 "aABCDEFGHIJKL01234"*616
16 16 1 3 1 16-1-1-65d967947df82204 "aABCDEFGHIJKL0123"*468
16 16 1 3 1 TEXT_TOO_LONG "aABCDEFGHIJKL012345678"*511
16 16 1 3 1 16-1-1-33d2381bfa1790ea "aABCDEFGHIJKL01234567890123456789"*619
16 16 2 3 2 16-2-2-fede43656001d5fc "aABCDEFGHIJKL012345"*345
16 16 2 3 2 TEXT_TOO_LONG "aABCDEFGHIJKL012345678901"*391
16 16 2 3 2 16-2-2-5c555b76e7c55484 "aABCDEFGHIJKL0123456789012345"*416
16 16 3 3 3 16-3-3-608b4e7d0e289522 "aABCDEFGHIJKL012345"*268
16 16 3 3 3 TEXT_TOO_LONG "aABCDEFGHIJKL0123"*260
16 16 3 3 3 16-3-3-0cd09270a5767d22 "aABCDEFGHIJKL01234"*264
17 17 0 3 1 17-0-1-c04f7f8ae733b816 "aABCDEFGHIJKLM01234567"*719
17 17 0 3 1 TEXT_TOO_LONG "aABCDEFGHIJKL0123"*669
17 17 0 3 1 17-0-1-ceed1b8f3319bb10 "aABCDEFGHIJKL01234"*678
17 17 1 3 2 17-1-2-3fa330de2f27ccaf "aABCDEFGHIJKL0123"*526
17 17 1 3 2 TEXT_TOO_LONG "aABCDEFGHIJKL0123456789"*583
17 17 1 3 2 17-1-2-bab389ec014d6599 "aABCDEFGHIJKL01234"*530
17 17 2 3 3 17-2-3-5a19d935c3c4de09 "aABCDEFGHIJKL012345678901"*442
17 17 2 3 3 TEXT_TOO_LONG "aABCDEFGHIJKL01234"*383
17 17 2 3 3 17-2-3-e4c35f3a211b8ae3 "aABCDEFGHIJKL0123"*378
17 17 3 3 4 17-3-4-49a1a27160c7df8c "aABCDEFGHIJKL0123456"*303
17 17 3 3 4 TEXT_TOO_LONG "aABCDEFGHIJKL01234567"*312
17 17 3 3 4 17-3-4-5f3f44493be868e6 "aABCDEFGHIJKL012345"*302
18 18 0 3 2 18-0-2-4a00c39dbd647ec7 "aABCDEFGHIJKL0123456789"*831
18 18 0 3 2 TEXT_TOO_LONG "aABCDEFGHIJKL012345678901"*873
18 18 0 3 2 18-0-2-ff74f258c72bf02b "aABCDEFGHIJKL012345"*769
18 18 1 3 3 18-1-3-1b18b90316c16bd6 "aABCDEFGHIJKL01234"*591
18 18 1 3 3 TEXT_TOO_LONG "aABCDEFGHIJKL01234567890"*665
18 18 1 3 3 18-1-3-d5c6e8a36047626e "aABCDEFGHIJKL0123456789012345678"*758
18 18 2 3 4 18-2-4-a0b1deb3af41e9c8 "aABCDEFGHIJKL012345"*422
18 18 2 3 4 TEXT_TOO_LONG "aABCDEFGHIJKL01234567"*438
18 18 2 3 4 18-2-4-05594a5503c1bcea "aABCDEFGHIJKL0123456789"*458
18 18 3 3 5 18-3-5-158efc62792b0fd8 "aABCDEFGHIJKLM01234567890123456"*408
18 18 3 3 5 TEXT_TOO_LONG "aABCDEFGHIJKL0123456"*338
18 18 3 3 5 18-3-5-1c0099e3de3ce61e "aABCDEFGHIJKL012345678901"*376
19 19 0 3 3 19-0-3-0e0980719b2eeb6b "aABCDEFGHIJKL0123456789"*920
19 19 0 3 3 TEXT_TOO_LONG "aABCDEFGHIJKL01234567890123"*998
19 19 0 3 3 19-0-3-80f5bd3d23834741 "aABCDEFGHIJKL0123456"*859
19 19 1 3 4 19-1-4-b3ca4e53cf472a3f "aABCDEFGHIJKL01234567"*693
19 19 1 3 4 TEXT_TOO_LONG "aABCDEFGHIJKLM0123456789012345678"*844
19 19 1 3 4 19-1-4-e776152a0bd02061 "aABCDEFGHIJKLM01234567"*696
19 19 2 3 5 19-2-5-a3d97290b10473d9 "aABCDEFGHIJKL01234567890123"*555
19 19 2 3 5 TEXT_TOO_LONG "aABCDEFGHIJKL01234567890"*527
19 19 2 3 5 19-2-5-c7c43b6e6b47b343 "aABCDEFGHIJKL012345678901234567"*592
19 19 3 3 6 19-3-6-b97725459e0355e3 "aABCDEFGHIJKL012345678"*384
19 19 3 3 6 TEXT_TOO_LONG "aABCDEFGHIJKL0123"*353
19 19 3 3 6 19-3-6-67fc52659fd771ab "aABCDEFGHIJKL012345"*362
20 20 0 3 4 20-0-4-4110206098d65473 "aABCDEFGHIJKL0123"*891
20 20 0 3 4 TEXT_TOO_LONG "aABCDEFGHIJKL0123456789"*993
20 20 0 3 4 20-0-4-34ef49cae8422fc9 "aABCDEFGHIJKL012345678901"*1040
20 20 1 3 5 20-1-5-75a35801e2bb9742 "aABCDEFGHIJKL012345"*714
20 20 1 3 5 TEXT_TOO_LONG "aABCDEFGHIJKL0123456789012345"*865
20 20 1 3 5 20-1-5-db11a3bc1d6ec7de "aABCDEFGHIJKL0123456789"*771
20 20 2 3 6 20-2-6-53b1d2a48dc3df5b "aABCDEFGHIJKL01234"*507
20 20 2 3 6 TEXT_TOO_LONG "aABCDEFGHIJKL0123"*501
20 20 2 3 6 20-2-6-374c8c1127da1d7d "aABCDEFGHIJKL012345"*516
20 20 3 3 7 20-3-7-3a36f002c27b3d7f "aABCDEFGHIJKL012345"*410
20 20 3 3 7 TEXT_TOO_LONG "aABCDEFGHIJKL0123"*397
20 20 3 3 7 20-3-7-fe52f7ea8499b959 "aABCDEFGHIJKL01234567890123456"*505
21 21 0 3 5 21-0-5-47f57a2e0847d2ac "aABCDEFGHIJKL0123"*967
21 21 0 3 5 TEXT_TOO_LONG "aABCDEFGHIJKLM012345678901"*1130
21 21 0 3 5 21-0-5-f44c40075af1efde "aABCDEFGHIJKL01234567890123456"*1228
21 21 1 3 6 21-1-6-202a678732982e7f "aABCDEFGHIJKL01234567890123"*893
21 21 1 3 6 TEXT_TOO_LONG "aABCDEFGHIJKL0123456789"*825
21 21 1 3 6 21-1-6-498b9fd45d042e1f "aABCDEFGHIJKL01234"*748
21 21 2 3 7 21-2-7-cd9d4a16ba614a33 "aABCDEFGHIJKL012345"*547
21 21 2 3 7 TEXT_TOO_LONG "aABCDEFGHIJKL0123"*529
21 21 2 3 7 21-2-7-a98630aaf6140fbb "aABCDEFGHIJKL01234"*537
21 21 3 3 0 21-3-0-10207d06d72d18cb "aABCDEFGHIJKL0123"*420
21 21 3 3 0 TEXT_TOO_LONG "aABCDEFGHIJKL01234"*425
21 21 3 3 0 21-3-0-5f2b5d716644f29d "aABCDEFGHIJKL0123456789012"*496
22 22 0 3 6 22-0-6-44e8dd632adab031 "aABCDEFGHIJKL0123456789"*1161
22 22 0 3 6 TEXT_TOO_LONG "aABCDEFGHIJKL01234567890123"*1260
22 22 0 3 6 22-0-6-2983d3f0fceaeec1 "aABCDEFGHIJKL01234567"*1111
22 22 1 3 7 22-1-7-49f49e6629f3d4e7 "aABCDEFGHIJKL012345678901234"*997
22 22 1 3 7 TEXT_TOO_LONG "aABCDEFGHIJKL012345678901"*946
22 22 1 3 7 22-1-7-d807bb98e33990c9 "aABCDEFGHIJKL0123456789"*901
22 22 2 3 0 22-2-0-6d888b10dabfa54d "aABCDEFGHIJKL012345"*608
22 22 2 3 0 TEXT_TOO_LONG "aABCDEFGHIJKL01234567"*627
22 22 2 3 0 22-2-0-c4ee799115c4477f "aABCDEFGHIJKL0123456789012345"*731
22 22 3 3 1 22-3-1-f47a447c0ae11b70 "aABCDEFGHIJKL012345678"*500
22 22 3 3 1 TEXT_TOO_LONG "aABCDEFGHIJKL0123"*459
22 22 3 3 1 22-3-1-5371009c1115f98a "aABCDEFGHIJKL01234"*463
23 23 0 3 7 23-0-7-55e06876314b7f6d "aABCDEFGHIJKL01234567890123"*1371
23 23 0 3 7 TEXT_TOO_LONG "aABCDEFGHIJKLM012345678901234567"*1462
23 23 0 3 7 23-0-7-78324095e68df2f3 "aABCDEFGHIJKL012345"*1168
23 23 1 3 0 23-1-0-1e1eae1e6f0f6ad5 "aABCDEFGHIJKL0123"*890
23 23 1 3 0 TEXT_TOO_LONG "aABCDEFGHIJKL0123456789"*992
23 23 1 3 0 23-1-0-429074469741e743 "aABCDEFGHIJKL01234567890123456789"*1178
23 23 2 3 1 23-2-1-581fd1b1b9f5777a "aABCDEFGHIJKL0123456"*661
23 23 2 3 1 TEXT_TOO_LONG "aABCDEFGHIJKLM01234567890123456789"*839
23 23 2 3 1 23-2-1-f8cc65ddf38e718a "aABCDEFGHIJKL01234"*644
23 23 3 3 2 23-3-2-043da8d37f66b747 "aABCDEFGHIJKL0123"*479
23 23 3 3 2 TEXT_TOO_LONG "aABCDEFGHIJKL012345678"*526
23 23 3 3 2 23-3-2-6dc24e78bdbe9389 "aABCDEFGHIJKL0123456789"*533
24 24 0 3 0 24-0-0-8aa2eee4ba544f3f "aABCDEFGHIJKL01234"*1231
24 24 0 3 0 TEXT_TOO_LONG "aABCDEFGHIJKL012345678"*1330
24 24 0 3 0 24-0-0-0310b448b7a6f365 "aABCDEFGHIJKL01234567890123456"*1543
24 24 1 3 1 24-1-1-fa37be81e142e11a "aABCDEFGHIJKL0123456"*985
24 24 1 3 1 TEXT_TOO_LONG "aABCDEFGHIJKL01234"*958
24 24 1 3 1 24-1-1-630241a7429ee418 "aABCDEFGHIJKL012345"*975
24 24 2 3 2 24-2-2-8ab72603dcdb2cc9 "aABCDEFGHIJKL01234567890123"*831
24 24 2 3 2 TEXT_TOO_LONG "aABCDEFGHIJKLM012345678"*759
24 24 2 3 2 24-2-2-f2b08ae0e93b66cd "aABCDEFGHIJKLM012345678901234"*846
24 24 3 3 3 24-3-3-ab5205707551ff65 "aABCDEFGHIJKL012345678"*580
24 24 3 3 3 TEXT_TOO_LONG "aABCDEFGHIJKL0123"*531
24 24 3 3 3 24-3-3-b77c43d1df3b81d5 "aABCDEFGHIJKL0123456"*554
25 25 0 3 1 25-0-1-8c3ad997eeed8266 "aABCDEFGHIJKL012345"*1365
25 25 0 3 1 TEXT_TOO_LONG "aABCDEFGHIJKLM012345678901"*1549
25 25 0 3 1 25-0-1-4410a3e40c1817b0 "aABCDEFGHIJKL01234"*1338
25 25 1 3 2 25-1-2-201e0ae1d925b72b "aABCDEFGHIJKLM0123456"*1095
25 25 1 3 2 TEXT_TOO_LONG "aABCDEFGHIJKL012345678901234"*1276
25 25 1 3 2 25-1-2-c9b14c0329c5dd11 "aABCDEFGHIJKL01234567"*1102
25 25 2 3 3 25-2-3-3518526f9e5408a8 "aABCDEFGHIJKL0123456"*775
25 25 2 3 3 TEXT_TOO_LONG "aABCDEFGHIJKLMN01234567890"*860
25 25 2 3 3 25-2-3-02adfe2e52c930e6 "aABCDEFGHIJKL01234"*754
25 25 3 3 4 25-3-4-c363c0186c096971 "aABCDEFGHIJKL012345"*573
25 25 3 3 4 TEXT_TOO_LONG "aABCDEFGHIJKL012345678"*609
25 25 3 3 4 25-3-4-3a246754ee900e0d "aABCDEFGHIJKLM01234567"*596
26 26 0 3 2 26-0-2-219daeb2e6056841 "aABCDEFGHIJKL0123"*1420
26 26 0 3 2 TEXT_TOO_LONG "aABCDEFGHIJKLM0123456"*1502
26 26 0 3 2 26-0-2-174d2ae83a5acca7 "aABCDEFGHIJKLMN01234567"*1543
26 26 1 3 3 26-1-3-f85b3fae40bbcb31 "aABCDEFGHIJKL0123456"*1145
26 26 1 3 3 TEXT_TOO_LONG "aABCDEFGHIJKL01234567"*1173
26 26 1 3 3 26-1-3-fe58158e3ef78643 "aABCDEFGHIJKL0123456789"*1225
26 26 2 3 4 26-2-4-987c1c30d67d1715 "aABCDEFGHIJKL012345"*804
26 26 2 3 4 TEXT_TOO_LONG "aABCDEFGHIJKL012345678901"*910
26 26 2 3 4 26-2-4-02e0b232f7f94267 "aABCDEFGHIJKL01234567890"*890
26 26 3 3 5 26-3-5-f5bb38547007f8dc "aABCDEFGHIJKL0123"*616
26 26 3 3 5 TEXT_TOO_LONG "aABCDEFGHIJKL012345678901234"*759
26 26 3 3 5 26-3-5-ee2f7a0dc225a96a "aABCDEFGHIJKL012345678"*674
27 27 0 3 3 27-0-3-ddc24882217643eb "aABCDEFGHIJKL01234"*1518
27 27 0 3 3 TEXT_TOO_LONG "aABCDEFGHIJKL012345678901"*1733
27 27 0 3 3 27-0-3-9e5aa16d75e544b7 "aABCDEFGHIJKL0123456789012345678"*1943
27 27 1 3 4 27-1-4-8f08dca785cf3641 "aABCDEFGHIJKL01234"*1168
27 27 1 3 4 TEXT_TOO_LONG "aABCDEFGHIJKL0123456789"*1270
27 27 1 3 4 27-1-4-da23359e9311ef81 "aABCDEFGHIJKL0123"*1152
27 27 2 3 5 27-2-5-987b9fae2209bdfa "aABCDEFGHIJKL012345"*852
27 27 2 3 5 TEXT_TOO_LONG "aABCDEFGHIJKL0123456789012345"*1020
27 27 2 3 5 27-2-5-193853f1e864e510 "aABCDEFGHIJKL01234567"*873
27 27 3 3 6 27-3-6-caa61d018815895d "aABCDEFGHIJKL012345"*662
27 27 3 3 6 TEXT_TOO_LONG "aABCDEFGHIJKL0123456789012345"*791
27 27 3 3 6 27-3-6-a6921f6d5b8a98d3 "aABCDEFGHIJKL0123456789"*707
28 28 0 3 4 28-0-4-d0dd5194d6d2e1d0 "aABCDEFGHIJKL012345678901234"*1911
28 28 0 3 4 TEXT_TOO_LONG "aABCDEFGHIJKL0123456789012"*1838
28 28 0 3 4 28-0-4-af8158f34e482cc0 "aABCDEFGHIJKL01234567890"*1768
28 28 1 3 5 28-1-5-ae0f2f2a5ceb3e7b "aABCDEFGHIJKL01234567"*1290
28 28 1 3 5 TEXT_TOO_LONG "aABCDEFGHIJKL0123456"*1270
28 28 1 3 5 28-1-5-7af348deefc47b95 "aABCDEFGHIJKL01234"*1233
28 28 2 3 6 28-2-6-b5b842d97c7c11a0 "aABCDEFGHIJKL0123"*888
28 28 2 3 6 TEXT_TOO_LONG "aABCDEFGHIJKL01234567890"*1007
28 28 2 3 6 28-2-6-fc3a6e14e0b6c2fe "aABCDEFGHIJKL012345678901234567"*1139
28 28 3 3 7 28-3-7-8c818aa8e114448a "aABCDEFGHIJKLM01234567890"*766
28 28 3 3 7 TEXT_TOO_LONG "aABCDEFGHIJKL012345678901234567"*867
28 28 3 3 7 28-3-7-ea13805e170bd8bc "aABCDEFGHIJKL0123456"*702
29 29 0 3 5 29-0-5-10b6406739a21caa "aABCDEFGHIJKL01234567"*1765
29 29 0 3 5 TEXT_TOO_LONG "aABCDEFGHIJKL01234"*1689
29 29 0 3 5 29-0-5-a726fbfb00913f54 "aABCDEFGHIJKL0123456789012345"*2063
29 29 1 3 6 29-1-6-88d56338c0092539 "aABCDEFGHIJKL0123"*1293
29 29 1 3 6 TEXT_TOO_LONG "aABCDEFGHIJKL012345678901"*1499
29 29 1 3 6 29-1-6-693ed30963e8c193 "aABCDEFGHIJKL01234567"*1370
29 29 2 3 7 29-2-7-007715972819d46f "aABCDEFGHIJKL0123"*930
29 29 2 3 7 TEXT_TOO_LONG "aABCDEFGHIJKL012345"*959
29 29 2 3 7 29-2-7-a9cfd3e9c3fda4eb "aABCDEFGHIJKLM012345678901"*1079
29 29 3 3 0 29-3-0-60a34c82a1bbfb95 "aABCDEFGHIJKL01234567"*757
29 29 3 3 0 TEXT_TOO_LONG "aABCDEFGHIJKL012345678"*773
29 29 3 3 0 29-3-0-56bcffce99f094b7 "aABCDEFGHIJKL012345"*739
30 30 0 3 6 30-0-6-b4b145f616f4d332 "aABCDEFGHIJKL0123456789012345"*2196
30 30 0 3 6 TEXT_TOO_LONG "aABCDEFGHIJKL01234567890123456"*2234
30 30 0 3 6 30-0-6-f0b330c9009a173e "aABCDEFGHIJKL01234567"*1877
30 30 1 3 7 30-1-7-d9224808636574b0 "aABCDEFGHIJKL01234567890"*1585
30 30 1 3 7 TEXT_TOO_LONG "aABCDEFGHIJKL012345678901"*1625
30 30 1 3 7 30-1-7-122120f03e932cbc "aABCDEFGHIJKL0123"*1401
30 30 2 3 0 30-2-0-949844c8b6df3487 "aABCDEFGHIJKL012345678"*1087
30 30 2 3 0 TEXT_TOO_LONG "aABCDEFGHIJKLM012345678901234"*1231
30 30 2 3 0 30-2-0-f70a9917fc479e51 "aABCDEFGHIJKL01234567890123"*1205
30 30 3 3 1 30-3-1-4450a887d48872d6 "aABCDEFGHIJKL01234"*771
30 30 3 3 1 TEXT_TOO_LONG "aABCDEFGHIJKL0123456"*793
30 30 3 3 1 30-3-1-43d8f4f7c13fb398 "aABCDEFGHIJKL012345678"*821
31 31 0 3 7 31-0-7-4f3492d5e0f33e96 "aABCDEFGHIJKL0123456"*1963
31 31 0 3 7 TEXT_TOO_LONG "aABCDEFGHIJKL012345678"*2038
31 31 0 3 7 31-0-7-2f13119ccaed5728 "aABCDEFGHIJKL012345678901234567"*2418
31 31 1 3 0 31-1-0-15f565b67e3ec609 "aABCDEFGHIJKL0123456789012345"*1840
31 31 1 3 0 TEXT_TOO_LONG "aABCDEFGHIJKL0123456789"*1639
31 31 1 3 0 31-1-0-b65818590132fca7 "aABCDEFGHIJKL01234"*1505
31 31 2 3 1 31-2-1-f834d274386888b0 "aABCDEFGHIJKL012345678"*1143
31 31 2 3 1 TEXT_TOO_LONG "aABCDEFGHIJKL01234567890123"*1267
31 31 2 3 1 31-2-1-10a915ba71154da6 "aABCDEFGHIJKL0123456789012345"*1306
31 31 3 3 2 31-3-2-e031bd81ba05bfd4 "aABCDEFGHIJKL01234"*819
31 31 3 3 2 TEXT_TOO_LONG "aABCDEFGHIJKL012345678"*877
31 31 3 3 2 31-3-2-44e4fcc3d7f2bcfc "aABCDEFGHIJKL012345678901"*934
32 32 0 3 0 32-0-0-512ddd002eafe335 "aABCDEFGHIJKL0123456789"*2206
32 32 0 3 0 TEXT_TOO_LONG "aABCDEFGHIJKL012345"*2061
32 32 0 3 0 32-0-0-b406173c211456c1 "aABCDEFGHIJKL0123"*1996
32 32 1 3 1 32-1-1-0af10c1f12080c20 "aABCDEFGHIJKL0123456"*1641
32 32 1 3 1 TEXT_TOO_LONG "aABCDEFGHIJKL012345"*1624
32 32 1 3 1 32-1-1-70e844c18714d104 "aABCDEFGHIJKL01234"*1594
32 32 2 3 2 32-2-2-c2487efd1d17b8ec "aABCDEFGHIJKL01234567890"*1287
32 32 2 3 2 TEXT_TOO_LONG "aABCDEFGHIJKL012345678901"*1317
32 32 2 3 2 32-2-2-7f3b18190e9e7ade "aABCDEFGHIJKL0123456"*1186
32 32 3 3 3 32-3-3-41f57db8aae6edde "aABCDEFGHIJKL01234567"*913
32 32 3 3 3 TEXT_TOO_LONG "aABCDEFGHIJKL0123"*863
32 32 3 3 3 32-3-3-a9a35bef94e54bb4 "aABCDEFGHIJKL012345"*891
33 33 0 3 1 33-0-1-ac66e51faae62778 "aABCDEFGHIJKL0123"*2115
33 33 0 3 1 TEXT_TOO_LONG "aABCDEFGHIJKL01234"*2143
33 33 0 3 1 33-0-1-f912034dbd00c976 "aABCDEFGHIJKL01234567890"*2393
33 33 1 3 2 33-1-2-3f500c7d56a8ae62 "aABCDEFGHIJKL01234567"*1765
33 33 1 3 2 33-1-2-05173519fac1d306 "aABCDEFGHIJKLM01234567890123456"*2105
33 33 2 3 3 33-2-3-e24fbfe97a337b05 "aABCDEFGHIJKL0123456"*1246
33 33 2 3 3 TEXT_TOO_LONG "aABCDEFGHIJKL0123456789012345"*1481
33 33 2 3 3 33-2-3-b4c252ce71508093 "aABCDEFGHIJKL01234"*1210
33 33 3 3 4 33-3-4-8ba44af3db52d570 "aABCDEFGHIJKL0123456789"*1014
33 33 3 3 4 TEXT_TOO_LONG "aABCDEFGHIJKL012345678901"*1063
33 33 3 3 4 33-3-4-5072de27652d4872 "aABCDEFGHIJKL012345678"*994
34 34 0 3 2 34-0-2-31441af26d428d39 "aABCDEFGHIJKL0123456"*2336
34 34 0 3 2 TEXT_TOO_LONG "aABCDEFGHIJKL0123"*2239
34 34 0 3 2 34-0-2-4456a70887a826dd "aABCDEFGHIJKL012345678"*2422
34 34 1 3 3 34-1-3-d1362bed594774c7 "aABCDEFGHIJKL0123456"*1840
34 34 1 3 3 TEXT_TOO_LONG "aABCDEFGHIJKL0123456789012345"*2182
34 34 1 3 3 34-1-3-34eb5f820d3e8665 "aABCDEFGHIJKL01234"*1784
34 34 2 3 4 34-2-4-d51f6030265f3784 "aABCDEFGHIJKL0123456789"*1386
34 34 2 3 4 TEXT_TOO_LONG "aABCDEFGHIJKL01234567"*1331
34 34 2 3 4 34-2-4-62866bd53a6f69f8 "aABCDEFGHIJKL01234"*1274
34 34 3 3 5 34-3-5-f9349ef3840cbae1 "aABCDEFGHIJKL01234567890"*1108
34 34 3 3 5 TEXT_TOO_LONG "aABCDEFGHIJKL01234"*993
34 34 3 3 5 34-3-5-feb87fac5497d2ab "aABCDEFGHIJKL0123456"*1022
35 35 0 3 3 35-0-3-471e34a188bea8f9 "aABCDEFGHIJKL01234"*2387
35 35 0 3 3 TEXT_TOO_LONG "aABCDEFGHIJKL0123"*2356
35 35 0 3 3 35-0-3-848f7d323492d435 "aABCDEFGHIJKL01234567"*2499
35 35 1 3 4 35-1-4-132955212823f131 "aABCDEFGHIJKL012345678901234"*2267
35 35 1 3 4 TEXT_TOO_LONG "aABCDEFGHIJKL0123"*1853
35 35 1 3 4 35-1-4-c253912ab487e507 "aABCDEFGHIJKL012345"*1910
35 35 2 3 5 35-2-5-a647465518d27c16 "aABCDEFGHIJKLM0123456789012345678"*1701
35 35 2 3 5 TEXT_TOO_LONG "aABCDEFGHIJKL0123456"*1369
35 35 2 3 5 35-2-5-42c955cdecb710ea "aABCDEFGHIJKL01234"*1332
35 35 3 3 6 35-3-6-f83af7c85d34a823 "aABCDEFGHIJKL01234567890123"*1207
35 35 3 3 6 TEXT_TOO_LONG "aABCDEFGHIJKL0123456"*1049
35 35 3 3 6 35-3-6-04e52864a5ca1bd7 "aABCDEFGHIJKL012345678901"*1163
36 36 0 3 4 36-0-4-78e8ed5f597b7759 "aABCDEFGHIJKL0123456"*2595
36 36 0 3 4 TEXT_TOO_LONG "aABCDEFGHIJKL0123456789"*2744
36 36 0 3 4 36-0-4-478b660f2d71a9db "aABCDEFGHIJKL012345678901"*2877
36 36 1 3 5 36-1-5-7a4f5c8ac0d43da8 "aABCDEFGHIJKL01234567"*2073
36 36 1 3 5 TEXT_TOO_LONG "aABCDEFGHIJKL0123456789012"*2297
36 36 1 3 5 36-1-5-ec77df3283756514 "aABCDEFGHIJKL012345678901"*2261
36 36 2 3 6 36-2-6-a2acba994f82f388 "aABCDEFGHIJKL0123456789012"*1624
36 36 2 3 6 TEXT_TOO_LONG "aABCDEFGHIJKL0123"*1382
36 36 2 3 6 36-2-6-7168bd8913fe9fa6 "aABCDEFGHIJKL012345678901234"*1689
36 36 3 3 7 36-3-7-d08a456db4543c52 "aABCDEFGHIJKL0123456789012"*1264
36 36 3 3 7 TEXT_TOO_LONG "aABCDEFGHIJKL01234567890"*1217
36 36 3 3 7 36-3-7-2078d705fd76d3ea "aABCDEFGHIJKL0123"*1075
37 37 0 3 5 37-0-5-ac1182c45f75f27b "aABCDEFGHIJKL01234"*2656
37 37 0 3 5 TEXT_TOO_LONG "aABCDEFGHIJKL01234567890"*2965
37 37 0 3 5 37-0-5-2d4031bd3a1c16a9 "aABCDEFGHIJKL0123"*2621
37 37 1 3 6 37-1-6-1037226636d55971 "aABCDEFGHIJKL0123456"*2122
37 37 1 3 6 TEXT_TOO_LONG "aABCDEFGHIJKL0123456789012345678"*2637
37 37 1 3 6 37-1-6-d646a72849578b0f "aABCDEFGHIJKL0123"*2035
37 37 2 3 7 37-2-7-fe8bbb0055d3cd49 "aABCDEFGHIJKL0123456789012"*1713
37 37 2 3 7 TEXT_TOO_LONG "aABCDEFGHIJKLM01234567"*1558
37 37 2 3 7 37-2-7-ca7de12c32ba5647 "aABCDEFGHIJKL012345678901"*1683
37 37 3 3 0 37-3-0-164bcf0235caf357 "aABCDEFGHIJKL012345"*1156
37 37 3 3 0 TEXT_TOO_LONG "aABCDEFGHIJKL01234567"*1185
37 37 3 3 0 37-3-0-700601b5fe749813 "aABCDEFGHIJKLMN0123456789012345"*1397
38 38 0 3 6 38-0-6-d2ce258faef77499 "aABCDEFGHIJKL0123456789"*3047
38 38 0 3 6 TEXT_TOO_LONG "aABCDEFGHIJKLM01234567890"*3139
38 38 0 3 6 38-0-6-1b3f812d05a55e4d "aABCDEFGHIJKL01234"*2796
38 38 1 3 7 38-1-7-a6fd22453be4d885 "aABCDEFGHIJKL01234567"*2275
38 38 1 3 7 TEXT_TOO_LONG "aABCDEFGHIJKL012345678"*2325
38 38 1 3 7 38-1-7-0bd50b9d83f6a15b "aABCDEFGHIJKL012345"*2217
38 38 2 3 0 38-2-0-9546c0dd1805e2e9 "aABCDEFGHIJKL0123456789"*1693
38 38 2 3 0 TEXT_TOO_LONG "aABCDEFGHIJKL0123456789012345"*1900
38 38 2 3 0 38-2-0-0f94bf46d110dc89 "aABCDEFGHIJKL0123"*1533
38 38 3 3 1 38-3-1-febe71bc05503bdc "aABCDEFGHIJKL0123456789012345"*1446
38 38 3 3 1 TEXT_TOO_LONG "aABCDEFGHIJKLM0123456789012345678"*1513
38 38 3 3 1 38-3-1-14bc838c462a78f8 "aABCDEFGHIJKL0123"*1165
39 39 0 3 7 39-0-7-a492a8e120a1eafa "aABCDEFGHIJKL01234"*2912
39 39 0 3 7 TEXT_TOO_LONG "aABCDEFGHIJKL012345678901234"*3515
39 39 0 3 7 39-0-7-c4c2cededeeafa5a "aABCDEFGHIJKL012345678"*3109
39 39 1 3 0 39-1-0-065f6f8213c2c3bf "aABCDEFGHIJKL0123456"*2361
39 39 1 3 0 TEXT_TOO_LONG "aABCDEFGHIJKL01234"*2293
39 39 1 3 0 39-1-0-cccc073bd8c0fa73 "aABCDEFGHIJKL0123456789"*2499
39 39 2 3 1 39-2-1-bb3778ea57bcf1a4 "aABCDEFGHIJKL012345"*1669
39 39 2 3 1 TEXT_TOO_LONG "aABCDEFGHIJKL0123456789"*1783
39 39 2 3 1 39-2-1-94e238cfb23a4948 "aABCDEFGHIJKL012345678901234567"*2074
39 39 3 3 2 39-3-2-6c4bd62c5ab0085d "aABCDEFGHIJKL012345"*1289
39 39 3 3 2 TEXT_TOO_LONG "aABCDEFGHIJKL0123"*1247
39 39 3 3 2 39-3-2-bd276566c9f6373f "aABCDEFGHIJKL012345678"*1349
40 40 0 3 0 40-0-0-237b7195a4bcf4db "aABCDEFGHIJKL01234567890"*3415
40 40 0 3 0 TEXT_TOO_LONG "aABCDEFGHIJKL01234567"*3201
40 40 0 3 0 40-0-0-254ec4ae452bdc9b "aABCDEFGHIJKL012345678901"*3496
40 40 1 3 1 40-1-1-815ac5728a76bca6 "aABCDEFGHIJKL0123"*2384
40 40 1 3 1 TEXT_TOO_LONG "aABCDEFGHIJKLM012345678"*2600
40 40 1 3 1 40-1-1-0d3a80942af5b3ec "aABCDEFGHIJKLM012345678901234"*2924
40 40 2 3 2 40-2-2-7bd5bb74ee48a309 "aABCDEFGHIJKL0123"*1701
40 40 2 3 2 TEXT_TOO_LONG "aABCDEFGHIJKLM0123456789012345678"*2210
40 40 2 3 2 40-2-2-fafd07afafd9dd15 "aABCDEFGHIJKL01234"*1725
40 40 3 3 3 40-3-3-d2375049b5196f5d "aABCDEFGHIJKL0123"*1303
40 40 3 3 3 TEXT_TOO_LONG "aABCDEFGHIJKL0123456789012345"*1614
40 40 3 3 3 40-3-3-50921e038d255b29 "aABCDEFGHIJKL0123456789"*1437
